[0.3318122555410691, 0.5964797913950456, 0.6349413298565841, 0.4680573663624511, 0.5795306388526728, 0.6838331160365059, 0.7444589308996089, 0.7685788787483703, 0.7894393741851369, 0.7848761408083442, 0.8024771838331161, 0.8272490221642764, 0.8246414602346805, 0.8389830508474576, 0.8324641460234681, 0.8383311603650587, 0.8455019556714471, 0.8318122555410691, 0.8285528031290743, 0.8500651890482399, 0.7653194263363755, 0.833116036505867, 0.8396349413298566, 0.8422425032594524, 0.7744458930899609, 0.8448500651890483, 0.8650586701434159, 0.8441981747066493, 0.8650586701434159, 0.8572359843546284, 0.8722294654498044, 0.8402868318122555, 0.877444589308996, 0.8657105606258149, 0.8754889178617992, 0.8650586701434159, 0.878748370273794, 0.8833116036505867, 0.8767926988265972, 0.8735332464146024, 0.8767926988265972, 0.8761408083441982, 0.8846153846153846, 0.8846153846153846, 0.8885267275097783, 0.8761408083441982, 0.8741851368970013, 0.8872229465449805, 0.8741851368970013, 0.8891786179921773, 0.8794002607561929, 0.8813559322033898, 0.878096479791395, 0.8878748370273793, 0.8859191655801826, 0.8813559322033898, 0.8794002607561929, 0.8859191655801826, 0.8885267275097783, 0.8859191655801826, 0.8872229465449805, 0.8904823989569752, 0.8898305084745762, 0.8885267275097783, 0.8924380704041721, 0.8956975228161669, 0.8917861799217731, 0.8930899608865711, 0.8904823989569752, 0.8846153846153846, 0.8872229465449805, 0.8950456323337679, 0.8878748370273793, 0.894393741851369, 0.8891786179921773, 0.8911342894393742, 0.8911342894393742, 0.8911342894393742, 0.8924380704041721, 0.8898305084745762, 0.8930899608865711, 0.8924380704041721, 0.8956975228161669, 0.89374185136897, 0.8924380704041721, 0.894393741851369, 0.8930899608865711, 0.8917861799217731, 0.8930899608865711, 0.894393741851369, 0.8924380704041721, 0.89374185136897, 0.8924380704041721, 0.8924380704041721, 0.8930899608865711, 0.8930899608865711, 0.8930899608865711, 0.8930899608865711, 0.8930899608865711, 0.8930899608865711]

batch_size = 20
learn_rate = 1e-4
epochs = 100