[0.7144719687092569, 0.7183833116036505, 0.7020860495436767, 0.7731421121251629, 0.7764015645371578, 0.8233376792698827, 0.8350717079530638, 0.8370273794002607, 0.8324641460234681, 0.8279009126466753, 0.8598435462842242, 0.8533246414602347, 0.8194263363754889, 0.8513689700130378, 0.8754889178617992, 0.8461538461538461, 0.8565840938722294, 0.8683181225554107, 0.8702737940026075, 0.8468057366362451, 0.863754889178618, 0.8754889178617992, 0.8650586701434159, 0.8741851368970013, 0.8839634941329857, 0.8846153846153846, 0.864406779661017, 0.863102998696219, 0.8722294654498044, 0.8657105606258149, 0.8800521512385919, 0.8696219035202086, 0.8754889178617992, 0.8794002607561929, 0.8748370273794003, 0.8650586701434159, 0.8891786179921773, 0.8754889178617992, 0.8839634941329857, 0.8917861799217731, 0.8898305084745762, 0.8852672750977836, 0.8878748370273793, 0.8807040417209909, 0.8865710560625815, 0.8859191655801826, 0.8813559322033898, 0.8852672750977836, 0.8911342894393742, 0.8885267275097783, 0.8885267275097783, 0.8963494132985659, 0.8904823989569752, 0.8852672750977836, 0.8904823989569752, 0.8846153846153846, 0.8872229465449805, 0.8865710560625815, 0.8911342894393742, 0.8891786179921773, 0.8852672750977836, 0.8898305084745762, 0.8846153846153846, 0.8917861799217731, 0.894393741851369, 0.894393741851369, 0.8917861799217731, 0.8983050847457628, 0.8976531942633638, 0.8963494132985659, 0.8983050847457628, 0.8956975228161669, 0.8976531942633638, 0.8983050847457628, 0.8983050847457628, 0.8989569752281616, 0.8956975228161669, 0.8950456323337679, 0.8996088657105606, 0.894393741851369, 0.8950456323337679, 0.8956975228161669, 0.894393741851369, 0.8924380704041721, 0.8950456323337679, 0.8924380704041721, 0.89374185136897, 0.8950456323337679, 0.894393741851369, 0.8950456323337679, 0.894393741851369, 0.8976531942633638, 0.8956975228161669, 0.894393741851369, 0.8950456323337679, 0.8956975228161669, 0.8956975228161669, 0.8956975228161669, 0.8956975228161669, 0.8956975228161669]

batch_size = 30
learn_rate = 1e-4
epochs = 100